Dataset file_name: datasets/lau15_dist_15c_d.txt
numCities: 15
Number of processors available = 24
Number of threads =              24
printAdjacencyMatrix: printing Matrix
	 0.00	 29.00	 82.00	 46.00	 68.00	 52.00	 72.00	 42.00	 51.00	 55.00	 29.00	 74.00	 23.00	 72.00	 46.00
	 29.00	 0.00	 55.00	 46.00	 42.00	 43.00	 43.00	 23.00	 23.00	 31.00	 41.00	 51.00	 11.00	 52.00	 21.00
	 82.00	 55.00	 0.00	 68.00	 46.00	 55.00	 23.00	 43.00	 41.00	 29.00	 79.00	 21.00	 64.00	 31.00	 51.00
	 46.00	 46.00	 68.00	 0.00	 82.00	 15.00	 72.00	 31.00	 62.00	 42.00	 21.00	 51.00	 51.00	 43.00	 64.00
	 68.00	 42.00	 46.00	 82.00	 0.00	 74.00	 23.00	 52.00	 21.00	 46.00	 82.00	 58.00	 46.00	 65.00	 23.00
	 52.00	 43.00	 55.00	 15.00	 74.00	 0.00	 61.00	 23.00	 55.00	 31.00	 33.00	 37.00	 51.00	 29.00	 59.00
	 72.00	 43.00	 23.00	 72.00	 23.00	 61.00	 0.00	 42.00	 23.00	 31.00	 77.00	 37.00	 51.00	 46.00	 33.00
	 42.00	 23.00	 43.00	 31.00	 52.00	 23.00	 42.00	 0.00	 33.00	 15.00	 37.00	 33.00	 33.00	 31.00	 37.00
	 51.00	 23.00	 41.00	 62.00	 21.00	 55.00	 23.00	 33.00	 0.00	 29.00	 62.00	 46.00	 29.00	 51.00	 11.00
	 55.00	 31.00	 29.00	 42.00	 46.00	 31.00	 31.00	 15.00	 29.00	 0.00	 51.00	 21.00	 41.00	 23.00	 37.00
	 29.00	 41.00	 79.00	 21.00	 82.00	 33.00	 77.00	 37.00	 62.00	 51.00	 0.00	 65.00	 42.00	 59.00	 61.00
	 74.00	 51.00	 21.00	 51.00	 58.00	 37.00	 37.00	 33.00	 46.00	 21.00	 65.00	 0.00	 61.00	 11.00	 55.00
	 23.00	 11.00	 64.00	 51.00	 46.00	 51.00	 51.00	 33.00	 29.00	 41.00	 42.00	 61.00	 0.00	 62.00	 23.00
	 72.00	 52.00	 31.00	 43.00	 65.00	 29.00	 46.00	 31.00	 51.00	 23.00	 59.00	 11.00	 62.00	 0.00	 59.00
	 46.00	 21.00	 51.00	 64.00	 23.00	 59.00	 33.00	 37.00	 11.00	 37.00	 61.00	 55.00	 23.00	 59.00	 0.00

totalNumThreads:24, numStartingThreads:14, numInitialPaths:14, pathsPerThread:1
printPath: Printing path =>
 0(0.00) -> 1(29.00) -> 2(84.00) -> 13(115.00) -> 14(174.00) -> 10(235.00) -> 4(317.00) -> 11(375.00) -> 5(412.00) -> 12(463.00) -> 8(492.00) -> 3(554.00) -> 7(585.00) -> 6(627.00) -> 9(658.00) -> 0(713.00)
printPath: Done
printPath: Printing path =>
 0(0.00) -> 1(29.00) -> 2(84.00) -> 13(115.00) -> 14(174.00) -> 10(235.00) -> 4(317.00) -> 11(375.00) -> 5(412.00) -> 12(463.00) -> 8(492.00) -> 3(554.00) -> 7(585.00) -> 9(600.00) -> 6(631.00) -> 0(703.00)
printPath: Done
printPath: Printing path =>
 0(0.00) -> 1(29.00) -> 2(84.00) -> 13(115.00) -> 14(174.00) -> 8(185.00) -> 11(231.00) -> 6(268.00) -> 5(329.00) -> 9(360.00) -> 3(402.00) -> 4(484.00) -> 12(530.00) -> 10(572.00) -> 7(609.00) -> 0(651.00)
printPath: Done
printPath: Printing path =>
 0(0.00) -> 1(29.00) -> 2(84.00) -> 13(115.00) -> 14(174.00) -> 8(185.00) -> 11(231.00) -> 6(268.00) -> 5(329.00) -> 9(360.00) -> 7(375.00) -> 3(406.00) -> 4(488.00) -> 10(570.00) -> 12(612.00) -> 0(635.00)
printPath: Done
printPath: Printing path =>
 0(0.00) -> 1(29.00) -> 2(84.00) -> 13(115.00) -> 14(174.00) -> 8(185.00) -> 11(231.00) -> 6(268.00) -> 5(329.00) -> 9(360.00) -> 7(375.00) -> 3(406.00) -> 4(488.00) -> 12(534.00) -> 10(576.00) -> 0(605.00)
printPath: Done
printPath: Printing path =>
 0(0.00) -> 2(82.00) -> 12(146.00) -> 4(192.00) -> 7(244.00) -> 3(275.00) -> 6(347.00) -> 9(378.00) -> 1(409.00) -> 8(432.00) -> 14(443.00) -> 11(498.00) -> 13(509.00) -> 5(538.00) -> 10(571.00) -> 0(600.00)
printPath: Done
printPath: Printing path =>
 0(0.00) -> 2(82.00) -> 12(146.00) -> 4(192.00) -> 7(244.00) -> 3(275.00) -> 6(347.00) -> 1(390.00) -> 14(411.00) -> 8(422.00) -> 9(451.00) -> 11(472.00) -> 13(483.00) -> 5(512.00) -> 10(545.00) -> 0(574.00)
printPath: Done
printPath: Printing path =>
 0(0.00) -> 2(82.00) -> 12(146.00) -> 4(192.00) -> 7(244.00) -> 3(275.00) -> 6(347.00) -> 8(370.00) -> 14(381.00) -> 1(402.00) -> 9(433.00) -> 13(456.00) -> 11(467.00) -> 5(504.00) -> 10(537.00) -> 0(566.00)
printPath: Done
printPath: Printing path =>
 0(0.00) -> 2(82.00) -> 12(146.00) -> 4(192.00) -> 7(244.00) -> 3(275.00) -> 6(347.00) -> 8(370.00) -> 14(381.00) -> 1(402.00) -> 9(433.00) -> 11(454.00) -> 13(465.00) -> 5(494.00) -> 10(527.00) -> 0(556.00)
printPath: Done
printPath: Printing path =>
 0(0.00) -> 2(82.00) -> 12(146.00) -> 4(192.00) -> 7(244.00) -> 10(281.00) -> 5(314.00) -> 3(329.00) -> 9(371.00) -> 13(394.00) -> 11(405.00) -> 6(442.00) -> 8(465.00) -> 1(488.00) -> 14(509.00) -> 0(555.00)
printPath: Done
printPath: Printing path =>
 0(0.00) -> 2(82.00) -> 12(146.00) -> 4(192.00) -> 7(244.00) -> 10(281.00) -> 5(314.00) -> 3(329.00) -> 9(371.00) -> 13(394.00) -> 11(405.00) -> 6(442.00) -> 8(465.00) -> 14(476.00) -> 1(497.00) -> 0(526.00)
printPath: Done
printPath: Printing path =>
 0(0.00) -> 2(82.00) -> 12(146.00) -> 4(192.00) -> 7(244.00) -> 10(281.00) -> 5(314.00) -> 3(329.00) -> 13(372.00) -> 11(383.00) -> 9(404.00) -> 6(435.00) -> 8(458.00) -> 14(469.00) -> 1(490.00) -> 0(519.00)
printPath: Done
printPath: Printing path =>
 0(0.00) -> 2(82.00) -> 12(146.00) -> 4(192.00) -> 7(244.00) -> 3(275.00) -> 5(290.00) -> 9(321.00) -> 13(344.00) -> 11(355.00) -> 6(392.00) -> 8(415.00) -> 14(426.00) -> 1(447.00) -> 10(488.00) -> 0(517.00)
printPath: Done
printPath: Printing path =>
 0(0.00) -> 2(82.00) -> 12(146.00) -> 4(192.00) -> 7(244.00) -> 3(275.00) -> 5(290.00) -> 13(319.00) -> 11(330.00) -> 9(351.00) -> 6(382.00) -> 8(405.00) -> 14(416.00) -> 1(437.00) -> 10(478.00) -> 0(507.00)
printPath: Done
printPath: Printing path =>
 0(0.00) -> 2(82.00) -> 12(146.00) -> 4(192.00) -> 7(244.00) -> 10(281.00) -> 3(302.00) -> 5(317.00) -> 9(348.00) -> 13(371.00) -> 11(382.00) -> 6(419.00) -> 8(442.00) -> 14(453.00) -> 1(474.00) -> 0(503.00)
printPath: Done
printPath: Printing path =>
 0(0.00) -> 2(82.00) -> 12(146.00) -> 4(192.00) -> 7(244.00) -> 10(281.00) -> 3(302.00) -> 5(317.00) -> 13(346.00) -> 11(357.00) -> 9(378.00) -> 6(409.00) -> 8(432.00) -> 14(443.00) -> 1(464.00) -> 0(493.00)
printPath: Done
printPath: Printing path =>
 0(0.00) -> 2(82.00) -> 12(146.00) -> 4(192.00) -> 7(244.00) -> 1(267.00) -> 8(290.00) -> 14(301.00) -> 6(334.00) -> 9(365.00) -> 11(386.00) -> 13(397.00) -> 5(426.00) -> 3(441.00) -> 10(462.00) -> 0(491.00)
printPath: Done
printPath: Printing path =>
 0(0.00) -> 2(82.00) -> 12(146.00) -> 4(192.00) -> 7(244.00) -> 1(267.00) -> 14(288.00) -> 8(299.00) -> 6(322.00) -> 9(353.00) -> 11(374.00) -> 13(385.00) -> 5(414.00) -> 3(429.00) -> 10(450.00) -> 0(479.00)
printPath: Done
printPath: Printing path =>
 0(0.00) -> 1(29.00) -> 2(84.00) -> 13(115.00) -> 14(174.00) -> 9(211.00) -> 8(240.00) -> 4(261.00) -> 6(284.00) -> 11(321.00) -> 7(354.00) -> 5(377.00) -> 3(392.00) -> 10(413.00) -> 12(455.00) -> 0(478.00)
printPath: Done
printPath: Printing path =>
 0(0.00) -> 2(82.00) -> 12(146.00) -> 4(192.00) -> 1(234.00) -> 14(255.00) -> 8(266.00) -> 6(289.00) -> 9(320.00) -> 7(335.00) -> 11(368.00) -> 13(379.00) -> 5(408.00) -> 3(423.00) -> 10(444.00) -> 0(473.00)
printPath: Done
printPath: Printing path =>
 0(0.00) -> 2(82.00) -> 12(146.00) -> 4(192.00) -> 1(234.00) -> 14(255.00) -> 8(266.00) -> 6(289.00) -> 7(331.00) -> 9(346.00) -> 11(367.00) -> 13(378.00) -> 5(407.00) -> 3(422.00) -> 10(443.00) -> 0(472.00)
printPath: Done
printPath: Printing path =>
 0(0.00) -> 2(82.00) -> 12(146.00) -> 4(192.00) -> 1(234.00) -> 14(255.00) -> 8(266.00) -> 6(289.00) -> 11(326.00) -> 13(337.00) -> 9(360.00) -> 7(375.00) -> 5(398.00) -> 3(413.00) -> 10(434.00) -> 0(463.00)
printPath: Done
printPath: Printing path =>
 0(0.00) -> 2(82.00) -> 12(146.00) -> 4(192.00) -> 6(215.00) -> 8(238.00) -> 1(261.00) -> 14(282.00) -> 7(319.00) -> 9(334.00) -> 11(355.00) -> 13(366.00) -> 5(395.00) -> 3(410.00) -> 10(431.00) -> 0(460.00)
printPath: Done
printPath: Printing path =>
 0(0.00) -> 2(82.00) -> 12(146.00) -> 4(192.00) -> 6(215.00) -> 8(238.00) -> 14(249.00) -> 1(270.00) -> 7(293.00) -> 9(308.00) -> 11(329.00) -> 13(340.00) -> 5(369.00) -> 3(384.00) -> 10(405.00) -> 0(434.00)
printPath: Done
printPath: Printing path =>
 0(0.00) -> 1(29.00) -> 2(84.00) -> 10(163.00) -> 3(184.00) -> 5(199.00) -> 7(222.00) -> 9(237.00) -> 13(260.00) -> 11(271.00) -> 8(317.00) -> 6(340.00) -> 4(363.00) -> 14(386.00) -> 12(409.00) -> 0(432.00)
printPath: Done
printPath: Printing path =>
 0(0.00) -> 1(29.00) -> 2(84.00) -> 10(163.00) -> 3(184.00) -> 5(199.00) -> 7(222.00) -> 9(237.00) -> 13(260.00) -> 11(271.00) -> 6(308.00) -> 4(331.00) -> 8(352.00) -> 14(363.00) -> 12(386.00) -> 0(409.00)
printPath: Done
printPath: Printing path =>
 0(0.00) -> 2(82.00) -> 12(146.00) -> 1(157.00) -> 14(178.00) -> 8(189.00) -> 4(210.00) -> 6(233.00) -> 11(270.00) -> 13(281.00) -> 9(304.00) -> 7(319.00) -> 5(342.00) -> 3(357.00) -> 10(378.00) -> 0(407.00)
printPath: Done
printPath: Printing path =>
 0(0.00) -> 8(51.00) -> 6(74.00) -> 5(135.00) -> 3(150.00) -> 10(171.00) -> 7(208.00) -> 9(223.00) -> 13(246.00) -> 11(257.00) -> 2(278.00) -> 4(324.00) -> 14(347.00) -> 1(368.00) -> 12(379.00) -> 0(402.00)
printPath: Done
printPath: Printing path =>
 0(0.00) -> 8(51.00) -> 6(74.00) -> 1(117.00) -> 14(138.00) -> 4(161.00) -> 2(207.00) -> 11(228.00) -> 13(239.00) -> 9(262.00) -> 7(277.00) -> 5(300.00) -> 3(315.00) -> 10(336.00) -> 12(378.00) -> 0(401.00)
printPath: Done
printPath: Printing path =>
 0(0.00) -> 8(51.00) -> 6(74.00) -> 1(117.00) -> 12(128.00) -> 14(151.00) -> 4(174.00) -> 2(220.00) -> 9(249.00) -> 11(270.00) -> 13(281.00) -> 7(312.00) -> 5(335.00) -> 3(350.00) -> 10(371.00) -> 0(400.00)
printPath: Done
printPath: Printing path =>
 0(0.00) -> 8(51.00) -> 6(74.00) -> 1(117.00) -> 12(128.00) -> 14(151.00) -> 4(174.00) -> 2(220.00) -> 11(241.00) -> 13(252.00) -> 7(283.00) -> 9(298.00) -> 5(329.00) -> 3(344.00) -> 10(365.00) -> 0(394.00)
printPath: Done
printPath: Printing path =>
 0(0.00) -> 8(51.00) -> 6(74.00) -> 1(117.00) -> 12(128.00) -> 14(151.00) -> 4(174.00) -> 2(220.00) -> 13(251.00) -> 11(262.00) -> 9(283.00) -> 7(298.00) -> 5(321.00) -> 3(336.00) -> 10(357.00) -> 0(386.00)
printPath: Done
printPath: Printing path =>
 0(0.00) -> 8(51.00) -> 6(74.00) -> 1(117.00) -> 12(128.00) -> 14(151.00) -> 4(174.00) -> 2(220.00) -> 11(241.00) -> 13(252.00) -> 9(275.00) -> 7(290.00) -> 5(313.00) -> 3(328.00) -> 10(349.00) -> 0(378.00)
printPath: Done
printPath: Printing path =>
 0(0.00) -> 8(51.00) -> 6(74.00) -> 2(97.00) -> 4(143.00) -> 14(166.00) -> 1(187.00) -> 12(198.00) -> 7(231.00) -> 9(246.00) -> 11(267.00) -> 13(278.00) -> 5(307.00) -> 3(322.00) -> 10(343.00) -> 0(372.00)
printPath: Done
printPath: Printing path =>
 0(0.00) -> 8(51.00) -> 6(74.00) -> 2(97.00) -> 4(143.00) -> 14(166.00) -> 12(189.00) -> 1(200.00) -> 7(223.00) -> 9(238.00) -> 11(259.00) -> 13(270.00) -> 5(299.00) -> 3(314.00) -> 10(335.00) -> 0(364.00)
printPath: Done
printPath: Printing path =>
 0(0.00) -> 8(51.00) -> 6(74.00) -> 4(97.00) -> 14(120.00) -> 12(143.00) -> 1(154.00) -> 7(177.00) -> 9(192.00) -> 2(221.00) -> 11(242.00) -> 13(253.00) -> 5(282.00) -> 3(297.00) -> 10(318.00) -> 0(347.00)
printPath: Done
printPath: Printing path =>
 0(0.00) -> 8(51.00) -> 1(74.00) -> 12(85.00) -> 14(108.00) -> 4(131.00) -> 6(154.00) -> 2(177.00) -> 11(198.00) -> 13(209.00) -> 9(232.00) -> 7(247.00) -> 5(270.00) -> 3(285.00) -> 10(306.00) -> 0(335.00)
printPath: Done
printPath: Printing path =>
 0(0.00) -> 7(42.00) -> 1(65.00) -> 12(76.00) -> 14(99.00) -> 8(110.00) -> 4(131.00) -> 6(154.00) -> 2(177.00) -> 9(206.00) -> 11(227.00) -> 13(238.00) -> 5(267.00) -> 3(282.00) -> 10(303.00) -> 0(332.00)
printPath: Done
printPath: Printing path =>
 0(0.00) -> 7(42.00) -> 1(65.00) -> 12(76.00) -> 14(99.00) -> 8(110.00) -> 4(131.00) -> 6(154.00) -> 2(177.00) -> 11(198.00) -> 13(209.00) -> 9(232.00) -> 5(263.00) -> 3(278.00) -> 10(299.00) -> 0(328.00)
printPath: Done
printPath: Printing path =>
 0(0.00) -> 7(42.00) -> 9(57.00) -> 1(88.00) -> 12(99.00) -> 14(122.00) -> 8(133.00) -> 4(154.00) -> 6(177.00) -> 2(200.00) -> 11(221.00) -> 13(232.00) -> 5(261.00) -> 3(276.00) -> 10(297.00) -> 0(326.00)
printPath: Done
printPath: Printing path =>
 0(0.00) -> 1(29.00) -> 10(70.00) -> 3(91.00) -> 5(106.00) -> 7(129.00) -> 9(144.00) -> 13(167.00) -> 11(178.00) -> 2(199.00) -> 6(222.00) -> 4(245.00) -> 8(266.00) -> 14(277.00) -> 12(300.00) -> 0(323.00)
printPath: Done
printPath: Printing path =>
 0(0.00) -> 1(29.00) -> 12(40.00) -> 8(69.00) -> 14(80.00) -> 4(103.00) -> 6(126.00) -> 2(149.00) -> 11(170.00) -> 13(181.00) -> 9(204.00) -> 7(219.00) -> 5(242.00) -> 3(257.00) -> 10(278.00) -> 0(307.00)
printPath: Done
printPath: Printing path =>
 0(0.00) -> 1(29.00) -> 12(40.00) -> 14(63.00) -> 8(74.00) -> 4(95.00) -> 6(118.00) -> 2(141.00) -> 11(162.00) -> 13(173.00) -> 9(196.00) -> 7(211.00) -> 5(234.00) -> 3(249.00) -> 10(270.00) -> 0(299.00)
printPath: Done



=====================================
Lowest Cost:299.00
Wallclock time = 677.978578

Took 9499.7300000000 seconds to execute
