file_name:./datasets/custom_11_d.txt
n:11
printAdjacencyMatrix: printing Matrix
	 0.00	 29.00	 20.00	 21.00	 16.00	 31.00	 100.00	 12.00	 4.00	 31.00	 18.00
	 29.00	 0.00	 15.00	 29.00	 28.00	 40.00	 72.00	 21.00	 29.00	 41.00	 12.00
	 20.00	 15.00	 0.00	 15.00	 14.00	 25.00	 81.00	 9.00	 23.00	 27.00	 13.00
	 21.00	 29.00	 15.00	 0.00	 4.00	 12.00	 92.00	 12.00	 25.00	 13.00	 25.00
	 16.00	 28.00	 14.00	 4.00	 0.00	 16.00	 94.00	 9.00	 20.00	 16.00	 22.00
	 31.00	 40.00	 25.00	 12.00	 16.00	 0.00	 95.00	 24.00	 36.00	 3.00	 37.00
	 100.00	 72.00	 81.00	 92.00	 94.00	 95.00	 0.00	 90.00	 101.00	 99.00	 84.00
	 12.00	 21.00	 9.00	 12.00	 9.00	 24.00	 90.00	 0.00	 15.00	 25.00	 13.00
	 4.00	 29.00	 23.00	 25.00	 20.00	 36.00	 101.00	 15.00	 0.00	 35.00	 18.00
	 31.00	 41.00	 27.00	 13.00	 16.00	 3.00	 99.00	 25.00	 35.00	 0.00	 38.00
	 18.00	 12.00	 13.00	 25.00	 22.00	 37.00	 84.00	 13.00	 18.00	 38.00	 0.00

printPath: Printing path =>
 0(0.00) -> 1(29.00) -> 2(44.00) -> 3(59.00) -> 4(63.00) -> 5(79.00) -> 6(174.00) -> 7(264.00) -> 8(279.00) -> 9(314.00) -> 10(352.00) -> 0(370.00)
printPath: Done
printPath: Printing path =>
 0(0.00) -> 1(29.00) -> 2(44.00) -> 3(59.00) -> 4(63.00) -> 5(79.00) -> 6(174.00) -> 7(264.00) -> 8(279.00) -> 10(297.00) -> 9(335.00) -> 0(366.00)
printPath: Done
printPath: Printing path =>
 0(0.00) -> 1(29.00) -> 2(44.00) -> 3(59.00) -> 4(63.00) -> 5(79.00) -> 6(174.00) -> 7(264.00) -> 9(289.00) -> 8(324.00) -> 10(342.00) -> 0(360.00)
printPath: Done
printPath: Printing path =>
 0(0.00) -> 1(29.00) -> 2(44.00) -> 3(59.00) -> 4(63.00) -> 5(79.00) -> 6(174.00) -> 7(264.00) -> 9(289.00) -> 10(327.00) -> 8(345.00) -> 0(349.00)
printPath: Done
printPath: Printing path =>
 0(0.00) -> 1(29.00) -> 2(44.00) -> 3(59.00) -> 4(63.00) -> 5(79.00) -> 6(174.00) -> 9(273.00) -> 7(298.00) -> 10(311.00) -> 8(329.00) -> 0(333.00)
printPath: Done
printPath: Printing path =>
 0(0.00) -> 1(29.00) -> 2(44.00) -> 3(59.00) -> 4(63.00) -> 5(79.00) -> 9(82.00) -> 6(181.00) -> 7(271.00) -> 8(286.00) -> 10(304.00) -> 0(322.00)
printPath: Done
printPath: Printing path =>
 0(0.00) -> 1(29.00) -> 2(44.00) -> 3(59.00) -> 4(63.00) -> 5(79.00) -> 9(82.00) -> 6(181.00) -> 7(271.00) -> 10(284.00) -> 8(302.00) -> 0(306.00)
printPath: Done
printPath: Printing path =>
 0(0.00) -> 1(29.00) -> 2(44.00) -> 3(59.00) -> 4(63.00) -> 5(79.00) -> 9(82.00) -> 6(181.00) -> 10(265.00) -> 7(278.00) -> 8(293.00) -> 0(297.00)
printPath: Done
printPath: Printing path =>
 0(0.00) -> 1(29.00) -> 2(44.00) -> 3(59.00) -> 4(63.00) -> 9(79.00) -> 5(82.00) -> 6(177.00) -> 10(261.00) -> 7(274.00) -> 8(289.00) -> 0(293.00)
printPath: Done
printPath: Printing path =>
 0(0.00) -> 1(29.00) -> 2(44.00) -> 4(58.00) -> 3(62.00) -> 5(74.00) -> 9(77.00) -> 6(176.00) -> 10(260.00) -> 7(273.00) -> 8(288.00) -> 0(292.00)
printPath: Done
printPath: Printing path =>
 0(0.00) -> 1(29.00) -> 2(44.00) -> 4(58.00) -> 3(62.00) -> 9(75.00) -> 5(78.00) -> 6(173.00) -> 10(257.00) -> 7(270.00) -> 8(285.00) -> 0(289.00)
printPath: Done
printPath: Printing path =>
 0(0.00) -> 1(29.00) -> 2(44.00) -> 6(125.00) -> 5(220.00) -> 9(223.00) -> 3(236.00) -> 4(240.00) -> 7(249.00) -> 10(262.00) -> 8(280.00) -> 0(284.00)
printPath: Done
printPath: Printing path =>
 0(0.00) -> 1(29.00) -> 2(44.00) -> 7(53.00) -> 4(62.00) -> 3(66.00) -> 9(79.00) -> 5(82.00) -> 6(177.00) -> 10(261.00) -> 8(279.00) -> 0(283.00)
printPath: Done
printPath: Printing path =>
 0(0.00) -> 1(29.00) -> 6(101.00) -> 2(182.00) -> 3(197.00) -> 4(201.00) -> 5(217.00) -> 9(220.00) -> 7(245.00) -> 10(258.00) -> 8(276.00) -> 0(280.00)
printPath: Done
printPath: Printing path =>
 0(0.00) -> 1(29.00) -> 6(101.00) -> 2(182.00) -> 3(197.00) -> 4(201.00) -> 9(217.00) -> 5(220.00) -> 7(244.00) -> 10(257.00) -> 8(275.00) -> 0(279.00)
printPath: Done
printPath: Printing path =>
 0(0.00) -> 1(29.00) -> 6(101.00) -> 2(182.00) -> 3(197.00) -> 5(209.00) -> 9(212.00) -> 4(228.00) -> 7(237.00) -> 10(250.00) -> 8(268.00) -> 0(272.00)
printPath: Done
printPath: Printing path =>
 0(0.00) -> 1(29.00) -> 6(101.00) -> 2(182.00) -> 5(207.00) -> 9(210.00) -> 3(223.00) -> 4(227.00) -> 7(236.00) -> 10(249.00) -> 8(267.00) -> 0(271.00)
printPath: Done
printPath: Printing path =>
 0(0.00) -> 1(29.00) -> 6(101.00) -> 5(196.00) -> 9(199.00) -> 3(212.00) -> 4(216.00) -> 7(225.00) -> 2(234.00) -> 10(247.00) -> 8(265.00) -> 0(269.00)
printPath: Done
printPath: Printing path =>
 0(0.00) -> 2(20.00) -> 1(35.00) -> 6(107.00) -> 5(202.00) -> 9(205.00) -> 3(218.00) -> 4(222.00) -> 7(231.00) -> 10(244.00) -> 8(262.00) -> 0(266.00)
printPath: Done
printPath: Printing path =>
 0(0.00) -> 2(20.00) -> 4(34.00) -> 3(38.00) -> 9(51.00) -> 5(54.00) -> 6(149.00) -> 1(221.00) -> 10(233.00) -> 7(246.00) -> 8(261.00) -> 0(265.00)
printPath: Done
printPath: Printing path =>
 0(0.00) -> 2(20.00) -> 7(29.00) -> 4(38.00) -> 3(42.00) -> 5(54.00) -> 9(57.00) -> 6(156.00) -> 1(228.00) -> 10(240.00) -> 8(258.00) -> 0(262.00)
printPath: Done
printPath: Printing path =>
 0(0.00) -> 2(20.00) -> 7(29.00) -> 4(38.00) -> 3(42.00) -> 9(55.00) -> 5(58.00) -> 6(153.00) -> 1(225.00) -> 10(237.00) -> 8(255.00) -> 0(259.00)
printPath: Done
printPath: Printing path =>
 0(0.00) -> 3(21.00) -> 5(33.00) -> 9(36.00) -> 4(52.00) -> 7(61.00) -> 2(70.00) -> 6(151.00) -> 1(223.00) -> 10(235.00) -> 8(253.00) -> 0(257.00)
printPath: Done
printPath: Printing path =>
 0(0.00) -> 4(16.00) -> 3(20.00) -> 5(32.00) -> 9(35.00) -> 7(60.00) -> 2(69.00) -> 6(150.00) -> 1(222.00) -> 10(234.00) -> 8(252.00) -> 0(256.00)
printPath: Done
printPath: Printing path =>
 0(0.00) -> 4(16.00) -> 9(32.00) -> 5(35.00) -> 3(47.00) -> 7(59.00) -> 2(68.00) -> 6(149.00) -> 1(221.00) -> 10(233.00) -> 8(251.00) -> 0(255.00)
printPath: Done
printPath: Printing path =>
 0(0.00) -> 7(12.00) -> 4(21.00) -> 3(25.00) -> 5(37.00) -> 9(40.00) -> 2(67.00) -> 6(148.00) -> 1(220.00) -> 10(232.00) -> 8(250.00) -> 0(254.00)
printPath: Done
printPath: Printing path =>
 0(0.00) -> 7(12.00) -> 4(21.00) -> 3(25.00) -> 9(38.00) -> 5(41.00) -> 2(66.00) -> 6(147.00) -> 1(219.00) -> 10(231.00) -> 8(249.00) -> 0(253.00)
printPath: Done



=====================================
Lowest Cost:253.00

Took 4.4088090000 seconds to execute
