   0  83  93 129 133 139
  83   0  40  53  62  64
  93  40   0  42  42  49
 129  53  42   0  11  11
 133  62  42  11   0   9
 139  64  49  11   9   0
